% Copyright (C) 2017  Max Gattringer

% This program is free software: you can redistribute it and/or modify
% it under the terms of the GNU General Public License as published by
% the Free Software Foundation, either version 3 of the License, or
% (at your option) any later version.

% This program is distributed in the hope that it will be useful,
% but WITHOUT ANY WARRANTY; without even the implied warranty of
% MERCHANTABILITY or FITNESS FOR A PARTICULAR PURPOSE.  See the
% GNU General Public License for more details.

% You should have received a copy of the GNU General Public License
% along with this program.  If not, see <https://www.gnu.org/licenses/>.

function [out] = j1(n)
% Tabulated values of the first 1000 zeros of the Bessel function first
% kind, first order; tabulation for speed.
j1_zeros = [3.831705970207512; 7.015586669815618; 10.173468135062723; 13.323691936314223; ...
       16.470630050877634; 19.615858510468243; 22.760084380592772; 25.903672087618382; ...
       29.046828534916855; 32.189679910974405; 35.332307550083868; 38.474766234771614; ...
       41.61709421281445; 44.759318997652819; 47.901460887185451; 51.043535183571507; ...
       54.185553641061318; 57.327525437901009; 60.469457845347492; 63.611356698481231; ...
       66.75322673409849; 69.895071837495777; 73.036895225573829; 76.178699584641464; ...
       79.3204871754763; 82.462259914373561; 85.604019436350228; 88.7457671449263; ...
       91.887504251694992; 95.0292318080447; 98.170950730790778; 101.31266182303872; ...
       104.45436579128275; 107.59606325950917; 110.73775478089921; 113.87944084759499; ...
       117.02112189889243; 120.16279832814901; 123.30447048863572; 126.44613869851659; ...
       129.587803245104; 132.72946438850963; 135.871122364789; 139.01277738865971; ...
       142.15442965585902; 145.29607934519592; 148.43772662034223; 151.57937163140141; ...
       154.72101451628595; 157.86265540193031; 161.004294405362; 164.14593163464963; ...
       167.2875671897441; 170.42920116322662; 173.57083364097593; 176.71246470276375; ...
       179.85409442278839; 182.99572287015297; 186.13735010929551; 189.278976200376; ...
       192.42060119962571; 195.56222515966257; 198.70384812977704; 201.84547015619088; ...
       204.98709128229234; 208.12871154885005; 211.27033099420777; 214.41194965446198; ...
       217.5535675636242; 220.69518475376935; 223.83680125517174; 226.97841709642947; ...
       230.1200323045791; 233.26164690520062; 236.40326092251431; 239.54487437946986; ...
       242.68648729782871; 245.82809969823981; 248.96971160030995; 252.11132302266859; ...
       255.25293398302813; 258.3945444982395; 261.53615458434405; 264.67776425662151; ...
       267.81937352963456; 270.96098241727071; 274.10259093278069; 277.24419908881458; ...
       280.38580689745561; 283.52741437025139; 286.66902151824343; 289.81062835199441; ...
       292.95223488161389; 296.09384111678247; 299.23544706677416; 302.3770527404775; ...
       305.51865814641559; 308.6602632927644; 311.80186818737047; 314.94347283776716; ...
       318.08507725119034; 321.22668143459276; 324.36828539465785; 327.50988913781248; ...
       330.65149267023941; 333.79309599788854; 336.934699126488; 340.07630206155409; ...
       343.21790480840122; 346.35950737215103; 349.50110975774089; 352.64271196993241; ...
       355.78431401331881; 358.92591589233268; 362.06751761125264; 365.20911917421012; ...
       368.35072058519569; 371.49232184806482; 374.63392296654371; 377.77552394423464; ...
       380.91712478462091; 384.0587254910721; 387.20032606684822; 390.34192651510438; ...
       393.48352683889493; 396.62512704117756; 399.76672712481678; 402.90832709258797; ...
       406.04992694718038; 409.191526691201; 412.333126327177; 415.47472585755941; ...
       418.61632528472552; 421.75792461098183; 424.89952383856667; 428.04112296965263; ...
       431.18272200634891; 434.32432095070374; 437.46591980470663; 440.60751857029015; ...
       443.74911724933219; 446.890715843658; 450.03231435504165; 453.17391278520813; ...
       456.31551113583492; 459.45710940855355; 462.5987076049513; 465.74030572657267; ...
       468.8819037749206; 472.02350175145818; 475.16509965760974; 478.3066974947622; ...
       481.44829526426628; 484.58989296743761; 487.731490605558; 490.8730881798765; ...
       494.01468569161023; 497.15628314194566; 500.29788053203947; 503.43947786301936; ...
       506.5810751359852; 509.72267235200957; 512.86426951213889; 516.00586661739419; ...
       519.14746366877148; 522.28906066724312; 525.43065761375806; 528.57225450924284; ...
       531.71385135460173; 534.85544815071819; 537.99704489845476; 541.13864159865409; ...
       544.28023825213938; 547.42183485971486; 550.56343142216645; 553.70502794026208; ...
       556.84662441475268; 559.98822084637209; 563.12981723583766; 566.2714135838512; ...
       569.41300989109868; 572.55460615825109; 575.69620238596508; 578.83779857488253; ...
       581.97939472563178; 585.12099083882765; 588.26258691507189; 591.40418295495328; ...
       594.54577895904822; 597.687374927921; 600.82897086212427; 603.97056676219893; ...
       607.1121626286747; 610.25375846207066; 613.395354262895; 616.53695003164557; ...
       619.6785457688103; 622.82014147486711; 625.96173715028431; 629.103332795521; ...
       632.2449284110271; 635.38652399724356; 638.52811955460265; 641.66971508352822; ...
       644.811310584436; 647.95290605773346; 651.09450150382008; 654.23609692308821; ...
       657.377692315922; 660.51928768269886; 663.66088302378876; 666.8024783395548; ...
       669.944073630353; 673.08566889653343; 676.22726413843873; 679.36885935640589; ...
       682.51045455076553; 685.652049721842; 688.79364486995394; 691.93523999541424; ...
       695.07683509852984; 698.21843017960259; 701.36002523892853; 704.50162027679858; ...
       707.64321529349866; 710.78481028930923; 713.92640526450634; 717.06800021936078; ...
       720.2095951541387; 723.35119006910179; 726.492784964507; 729.634379840607; ...
       732.77597469765021; 735.9175695358806; 739.059164355538; 742.20075915685834; ...
       745.34235394007351; 748.48394870541142; 751.62554345309627; 754.76713818334861; ...
       757.908732896385; 761.05032759241874; 764.19192227165945; 767.33351693431359; ...
       770.47511158058387; 773.61670621066992; 776.75830082476818; 779.89989542307183; ...
       783.04149000577092; 786.18308457305261; 789.32467912510083; 792.46627366209691; ...
       795.60786818421911; 798.749462691643; 801.89105718454118; 805.03265166308381; ...
       808.17424612743832; 811.31584057776934; 814.45743501423942; 817.5990294370082; ...
       820.740623846233; 823.8822182420688; 827.02381262466815; 830.16540699418147; ...
       833.30700135075642; 836.44859569453911; 839.590190025673; 842.73178434429963; ...
       845.87337865055827; 849.01497294458625; 852.15656722651886; 855.29816149648923; ...
       858.439755754629; 861.58135000106722; 864.72294423593178; 867.86453845934807; ...
       871.00613267144024; 874.14772687233017; 877.28932106213824; 880.43091524098315; ...
       883.57250940898177; 886.71410356624938; 889.85569771289977; 892.99729184904481; ...
       896.13888597479513; 899.28048009025963; 902.42207419554575; 905.56366829075932; ...
       908.70526237600484; 911.84685645138552; 914.98845051700266; 918.13004457295676; ...
       921.27163861934662; 924.41323265626954; 927.55482668382206; 930.69642070209875; ...
       933.83801471119341; 936.97960871119835; 940.12120270220464; 943.26279668430232; ...
       946.40439065758; 949.54598462212527; 952.6875785780245; 955.829172525363; ...
       958.97076646422477; 962.11236039469293; 965.25395431684944; 968.39554823077526; ...
       971.53714213655007; 974.67873603425278; 977.82032992396125; 980.96192380575224; ...
